100 3.5599999999999996 1.61337609939e-14 6.57492459142e-17
200 13.844000000000001 5.10935738163e-14 5.88418258391e-17
300 30.647000000000002 8.19803484357e-14 6.02911265208e-17
400 55.273 1.26424148927e-13 7.96664626536e-17
500 86.962 1.8147439107e-13 7.13457073824e-17
600 124.66499999999999 2.62988334813e-13 6.99024965154e-17
700 169.626 3.67361062205e-13 6.57491843916e-17
800 220.892 4.0333070217e-13 7.0106462292e-17
900 282.455 4.74578894701e-13 6.6106403991e-17
1000 345.482 6.97148783146e-13 6.46711812778e-17
1100 425.957 6.34771629199e-13 6.74646723751e-17
1200 514.925 8.12271823876e-13 6.8698239023e-17
1300 593.626 9.82539861437e-13 7.23034710539e-17
1400 677.479 1.10391901969e-12 6.86158136914e-17
1500 801.0169999999999 1.22698999109e-12 6.91199444369e-17
1600 885.823 1.41427772271e-12 7.27787998579e-17
1700 1024.711 1.53295689867e-12 7.16114613199e-17
1800 1125.53 1.69159254505e-12 6.89866057914e-17
1900 1272.893 1.87330712346e-12 7.07498190248e-17
2000 1424.113 2.34092378815e-12 6.94491020404e-17
2100 1522.424 2.43355785259e-12 7.06573496023e-17
2200 1689.268 2.58032292502e-12 6.94853864788e-17
2300 1871.724 3.12383775852e-12 7.0477601878e-17
2400 2007.274 2.94430193189e-12 6.71419790358e-17
2500 2220.973 3.68292965014e-12 6.90369585945e-17
2600 2410.407 4.11365706456e-12 6.57407125376e-17
2700 2584.7799999999997 4.58301507855e-12 7.06004190884e-17
2800 2781.2039999999997 4.41468338076e-12 6.89568864074e-17
2900 2986.953 5.26627718445e-12 6.71258793172e-17
3000 3183.558 6.31191043876e-12 6.60013666394e-17
3100 3335.646 5.61899806254e-12 6.5739268995e-17
3200 3526.7909999999997 6.25293369166e-12 6.82155690913e-17
3300 3780.757 6.27868037023e-12 7.12849699697e-17
3400 4115.5689999999995 8.42446367568e-12 7.38505501252e-17
3500 4252.332 8.72221082661e-12 6.95111434377e-17
3600 4593.445 8.79235190827e-12 6.98957897574e-17
3700 4868.599999999999 9.51269168542e-12 7.13155060368e-17
3800 5122.046 1.15135695422e-11 6.99205190468e-17
3900 5398.513999999999 1.10479144351e-11 7.28338776104e-17
4000 5557.665 1.23195382506e-11 6.87461358674e-17
4100 5960.806 1.18193572274e-11 7.17679989742e-17
4200 6280.344 1.32529261639e-11 6.69956428699e-17
4300 6579.722000000001 1.64102074048e-11 7.16841164797e-17
4400 6762.9580000000005 1.6458162333e-11 7.26661058865e-17
4500 7185.968 1.76549914194e-11 6.6216978013e-17
4600 7518.612 2.04689962081e-11 6.63814553515e-17
4700 7671.398 2.30164303456e-11 7.06941377832e-17
4800 8187.125 2.24905763689e-11 6.7698397353e-17
4900 8340.034 2.35703476691e-11 6.73180027804e-17
5000 8674.141000000001 2.73331098866e-11 6.70994100816e-17