100 3.568 1.81432646684e-14 0.0
200 13.507 4.75974815117e-14 0.0
300 29.862 9.70941845443e-14 0.0
400 54.284 1.5337675574e-13 0.0
500 83.67099999999999 2.24731566689e-13 0.0
600 121.55799999999999 2.78657652508e-13 0.0
700 165.561 3.96584352659e-13 0.0
800 218.20600000000002 4.31281121926e-13 0.0
900 269.524 5.52189035237e-13 0.0
1000 336.933 6.46314668451e-13 0.0
1100 411.323 7.73787498722e-13 0.0
1200 482.465 8.73913071538e-13 0.0
1300 569.835 1.0531932591e-12 0.0
1400 668.015 1.14693429357e-12 0.0
1500 761.995 1.45184471852e-12 0.0
1600 865.22 1.4813477528e-12 0.0
1700 983.283 1.72001942101e-12 0.0
1800 1093.769 2.12794047815e-12 0.0
1900 1230.207 2.13803267488e-12 0.0
2000 1358.43 2.48012449466e-12 0.0
2100 1490.96 2.44393843787e-12 0.0
2200 1638.2920000000001 2.7395149785e-12 0.0
2300 1796.192 3.31886441035e-12 0.0
2400 1958.601 3.44788327518e-12 0.0
2500 2142.903 3.73490434136e-12 0.0
2600 2330.0429999999997 4.01160600465e-12 0.0
2700 2482.9590000000003 4.99378805797e-12 0.0
2800 2670.08 5.33746907783e-12 0.0
2900 2872.59 5.27565554461e-12 0.0
3000 3076.632 5.6205306335e-12 0.0
3100 3315.795 6.59170259595e-12 0.0
3200 3496.008 6.55543279382e-12 0.0
3300 3685.136 8.03263482665e-12 0.0
3400 3953.657 7.92452241082e-12 0.0
3500 4211.619 8.17822517643e-12 0.0
3600 4424.238 8.60912514117e-12 0.0
3700 4688.902 1.07615330461e-11 0.0
3800 4959.906 1.24508736946e-11 0.0
3900 5218.132 1.10121620654e-11 0.0
4000 5490.0419999999995 1.31127858294e-11 0.0
4100 5785.902 1.34518573787e-11 0.0
4200 6021.581 1.50549959536e-11 0.0
4300 6359.332 1.64514796876e-11 0.0
4400 6660.583 1.83820330926e-11 0.0
4500 6925.299 1.88526653054e-11 0.0
4600 7286.991 2.12218641452e-11 0.0
4700 7602.485 2.23610611587e-11 0.0
4800 7973.221 2.42640312009e-11 0.0
4900 8242.812 2.59125028917e-11 0.0
5000 8544.909 2.58128411756e-11 0.0


