#Dimension runtime residual
100 59.624 2.85007652141e-13               62 
300 395.091 2.5286380501e-13               62 
500 1134.3000000000002 5.81096384054e-13   62 
700 2270.758 7.07073442077e-13             62 
900 3797.143 3.14521762882e-12             62 
1100 5822.504 3.6639493811e-13             62 
1200 6938.706 1.83547814836e-12            62 
1400 9672.768 6.52665215691e-11            62 
1600 12938.347 1.9874160908e-12            62 
1800 16737.922000000002 2.11117386609e-12  62 
2000 20995.031000000003 1.27945063024e-12 62
2500 34731.038 1.01674206205e-11 62
3000 52477.272 3.14801536743e-11 62
3500 75224.075 1.13262863469e-12 62
4000 102839.13200000001 6.27396488279e-12 62
4500 136191.106 1.5211933112e-12 62
5000 177010.795 1.9175564003e-11 62